37
10aS2FUN_000035-T1                                                 0.0000000 0.6332704 0.7313789 0.4276624 0.4369627 0.3058836 0.5444300 0.7422569 0.3136135 0.7337383 0.6421715 0.6348105 0.0278464 0.5466411 0.5509276 0.5491861 0.3888276 0.3200875 0.3864530 0.4404835 0.4408431 0.3878900 0.6280891 0.3832834 0.3810434 0.4270734 0.4389109 0.4371570 0.4344705 0.4362103 0.4363265 0.4361992 0.4357486 0.4371849 0.7309365 0.7303889 0.4379337 
11cS3FUN_016668-T1                                                 0.6332704 0.0000000 0.7172694 0.6031088 0.6093204 0.6429620 0.7080612 0.7309583 0.6485702 0.7240046 0.0340744 0.1221080 0.6145446 0.7111018 0.7130937 0.7128364 0.6417873 0.6567857 0.6227084 0.6186945 0.6182013 0.6323010 0.4089422 0.6260759 0.6248168 0.6022182 0.6114575 0.6116784 0.6115595 0.6134003 0.6138591 0.6135093 0.6130678 0.6141389 0.7196610 0.7182511 0.6132586 
13cS5FUN_004591-T1                                                 0.7313789 0.7172694 0.0000000 0.6951296 0.7002606 0.7426095 0.7940376 0.1974012 0.7500688 0.0696119 0.7284307 0.7168619 0.7132321 0.7959918 0.8023858 0.7954752 0.7424266 0.7588938 0.7216146 0.7093985 0.7084387 0.7381432 0.7147185 0.7286268 0.7290290 0.6976312 0.7019534 0.7029219 0.7025271 0.7038191 0.7042659 0.7037048 0.7029959 0.7050054 0.0657210 0.0708620 0.7038589 
16aS7FUN_004202-T1                                                 0.4276624 0.6031088 0.6951296 0.0000000 0.1888925 0.4402195 0.5086419 0.7100588 0.4446402 0.6964938 0.6115481 0.6027686 0.4219187 0.5107461 0.5161762 0.5138406 0.4289753 0.4519116 0.4218535 0.2002807 0.2002504 0.4247476 0.6030351 0.4182176 0.4176320 0.1087279 0.0641583 0.0609492 0.0591905 0.0593687 0.0595660 0.0597600 0.0596704 0.0595713 0.6932839 0.6939202 0.0621520 
5cS5FUN_017207-T1                                                  0.4369627 0.6093204 0.7002606 0.1888925 0.0000000 0.4408715 0.5106475 0.7151356 0.4468498 0.7058751 0.6164600 0.6104819 0.4275945 0.5116616 0.5148798 0.5132635 0.4312453 0.4535552 0.4232158 0.1424514 0.1427695 0.4274340 0.6050014 0.4223797 0.4216269 0.1784313 0.1964685 0.1947212 0.1931224 0.1937247 0.1939520 0.1934895 0.1936480 0.1939975 0.7006905 0.7050273 0.1955901 
6aS6FUN_014332-T1                                                  0.3058836 0.6429620 0.7426095 0.4402195 0.4408715 0.0000000 0.5434996 0.7490739 0.0508151 0.7442531 0.6547632 0.6412748 0.3005171 0.5446898 0.5506298 0.5467426 0.4063329 0.0468873 0.4033209 0.4443929 0.4456524 0.4067085 0.6422932 0.4015679 0.3979275 0.4360812 0.4476063 0.4469547 0.4456570 0.4474433 0.4478907 0.4468642 0.4471743 0.4481318 0.7426900 0.7424379 0.4468304 
7bS7FUN_010846-T1                                                  0.5444300 0.7080612 0.7940376 0.5086419 0.5106475 0.5434996 0.0000000 0.8077567 0.5534787 0.7988637 0.7186788 0.7039793 0.5303043 0.0092572 0.0103438 0.0125954 0.5481012 0.5600544 0.5394351 0.5215106 0.5184772 0.5441343 0.7092463 0.5383610 0.5357419 0.5055188 0.5168382 0.5178554 0.5170919 0.5173650 0.5171799 0.5165822 0.5166635 0.5188989 0.7947521 0.7954257 0.5182097 
9dS1FUN_001764-T1                                                  0.7422569 0.7309583 0.1974012 0.7100588 0.7151356 0.7490739 0.8077567 0.0000000 0.7608648 0.2024264 0.7409140 0.7317153 0.7213038 0.8125396 0.8175267 0.8109601 0.7518293 0.7672275 0.7355225 0.7189236 0.7177983 0.7455464 0.7309685 0.7377066 0.7381641 0.7097280 0.7164177 0.7161123 0.7164862 0.7173901 0.7187256 0.7175054 0.7161059 0.7186029 0.1935000 0.2045668 0.7176484 
Depiga|RHZ86198.1                                                  0.3136135 0.6485702 0.7500688 0.4446402 0.4468498 0.0508151 0.5534787 0.7608648 0.0000000 0.7511752 0.6598605 0.6506132 0.3086296 0.5550946 0.5606445 0.5564207 0.4138826 0.0542618 0.4111531 0.4522475 0.4533770 0.4130074 0.6477002 0.4069255 0.4047763 0.4414493 0.4543070 0.4521235 0.4502612 0.4524386 0.4529444 0.4519330 0.4522750 0.4533003 0.7499920 0.7497651 0.4531915 
FUN_005739-T1                                                      0.7337383 0.7240046 0.0696119 0.6964938 0.7058751 0.7442531 0.7988637 0.2024264 0.7511752 0.0000000 0.7343931 0.7221409 0.7158788 0.8034956 0.8087519 0.8014682 0.7454571 0.7631600 0.7247526 0.7169881 0.7174567 0.7382268 0.7197052 0.7298834 0.7293423 0.7007041 0.7055261 0.7068395 0.7068159 0.7078970 0.7080931 0.7076328 0.7062447 0.7090828 0.0752755 0.0112026 0.7083515 
agerde|7885_t                                                      0.6421715 0.0340744 0.7284307 0.6115481 0.6164600 0.6547632 0.7186788 0.7409140 0.6598605 0.7343931 0.0000000 0.1220828 0.6238393 0.7215769 0.7249057 0.7234013 0.6488142 0.6670730 0.6293239 0.6263321 0.6261263 0.6373203 0.4153034 0.6335883 0.6320099 0.6109057 0.6211061 0.6205486 0.6204961 0.6221982 0.6222625 0.6221990 0.6216710 0.6230317 0.7278610 0.7308709 0.6216424 
alepto|3351_t                                                      0.6348105 0.1221080 0.7168619 0.6027686 0.6104819 0.6412748 0.7039793 0.7317153 0.6506132 0.7221409 0.1220828 0.0000000 0.6160249 0.7073024 0.7113768 0.7080670 0.6380194 0.6582912 0.6226793 0.6163652 0.6156858 0.6296230 0.4120510 0.6239603 0.6223451 0.6007643 0.6111254 0.6106203 0.6096412 0.6113735 0.6113233 0.6109052 0.6110799 0.6123102 0.7174248 0.7208037 0.6118412 
amorro|2180_t                                                      0.0278464 0.6145446 0.7132321 0.4219187 0.4275945 0.3005171 0.5303043 0.7213038 0.3086296 0.7158788 0.6238393 0.6160249 0.0000000 0.5328580 0.5361256 0.5335599 0.3787894 0.3142930 0.3773801 0.4316103 0.4322868 0.3815173 0.6096674 0.3753303 0.3717204 0.4193966 0.4300547 0.4287393 0.4258219 0.4274186 0.4274653 0.4274134 0.4267011 0.4287075 0.7117498 0.7111013 0.4289264 
ccandik|835_t                                                      0.5466411 0.7111018 0.7959918 0.5107461 0.5116616 0.5446898 0.0092572 0.8125396 0.5550946 0.8034956 0.7215769 0.7073024 0.5328580 0.0000000 0.0050984 0.0118778 0.5529240 0.5595605 0.5424061 0.5220874 0.5192238 0.5463580 0.7095782 0.5421962 0.5404110 0.5091058 0.5192921 0.5203522 0.5189156 0.5195061 0.5195881 0.5182944 0.5189824 0.5210826 0.7990496 0.7979851 0.5205870 
ccandi|866_t                                                       0.5509276 0.7130937 0.8023858 0.5161762 0.5148798 0.5506298 0.0103438 0.8175267 0.5606445 0.8087519 0.7249057 0.7113768 0.5361256 0.0050984 0.0000000 0.0133220 0.5562259 0.5651673 0.5484144 0.5259628 0.5245808 0.5524609 0.7131694 0.5473734 0.5457763 0.5136410 0.5246143 0.5251857 0.5247234 0.5251902 0.5252098 0.5241008 0.5244723 0.5268672 0.8043943 0.8023186 0.5258857 
cclaro|13728_t                                                     0.5491861 0.7128364 0.7954752 0.5138406 0.5132635 0.5467426 0.0125954 0.8109601 0.5564207 0.8014682 0.7234013 0.7080670 0.5335599 0.0118778 0.0133220 0.0000000 0.5509980 0.5617498 0.5430598 0.5248806 0.5224513 0.5465880 0.7111452 0.5424349 0.5389681 0.5107821 0.5224434 0.5228778 0.5218510 0.5227413 0.5221144 0.5213354 0.5218166 0.5238316 0.7978862 0.7952652 0.5227956 
cpellu|24754_t                                                     0.3888276 0.6417873 0.7424266 0.4289753 0.4312453 0.4063329 0.5481012 0.7518293 0.4138826 0.7454571 0.6488142 0.6380194 0.3787894 0.5529240 0.5562259 0.5509980 0.0000000 0.4198389 0.1193483 0.4378431 0.4364435 0.1191500 0.6331808 0.1167748 0.1182627 0.4269850 0.4382636 0.4381919 0.4361088 0.4373946 0.4379749 0.4371963 0.4376024 0.4384904 0.7429956 0.7426669 0.4382651 
deburn|2938_t                                                      0.3200875 0.6567857 0.7588938 0.4519116 0.4535552 0.0468873 0.5600544 0.7672275 0.0542618 0.7631600 0.6670730 0.6582912 0.3142930 0.5595605 0.5651673 0.5617498 0.4198389 0.0000000 0.4167724 0.4582519 0.4601633 0.4194138 0.6504820 0.4145910 0.4108333 0.4479119 0.4608932 0.4592120 0.4579837 0.4602022 0.4602617 0.4600463 0.4597646 0.4611542 0.7587376 0.7593479 0.4588105 
deryth|32406_t                                                     0.3864530 0.6227084 0.7216146 0.4218535 0.4232158 0.4033209 0.5394351 0.7355225 0.4111531 0.7247526 0.6293239 0.6226793 0.3773801 0.5424061 0.5484144 0.5430598 0.1193483 0.4167724 0.0000000 0.4338395 0.4330731 0.0791356 0.6176495 0.0760131 0.0775629 0.4184488 0.4308613 0.4315697 0.4290112 0.4304994 0.4308047 0.4300218 0.4306637 0.4314083 0.7204765 0.7217108 0.4307324 
fcaled|8946_t                                                      0.4404835 0.6186945 0.7093985 0.2002807 0.1424514 0.4443929 0.5215106 0.7189236 0.4522475 0.7169881 0.6263321 0.6163652 0.4316103 0.5220874 0.5259628 0.5248806 0.4378431 0.4582519 0.4338395 0.0000000 0.0076495 0.4367477 0.6117212 0.4314887 0.4287524 0.1891925 0.2080799 0.2051332 0.2046085 0.2059562 0.2057615 0.2055091 0.2058223 0.2065615 0.7078963 0.7140513 0.2084111 
fmosse|9028_t                                                      0.4408431 0.6182013 0.7084387 0.2002504 0.1427695 0.4456524 0.5184772 0.7177983 0.4533770 0.7174567 0.6261263 0.6156858 0.4322868 0.5192238 0.5245808 0.5224513 0.4364435 0.4601633 0.4330731 0.0076495 0.0000000 0.4343087 0.6117421 0.4310105 0.4289203 0.1906143 0.2083301 0.2055194 0.2044614 0.2058658 0.2054960 0.2054759 0.2057188 0.2064681 0.7067839 0.7115007 0.2076369 
gmarga|43533_t                                                     0.3878900 0.6323010 0.7381432 0.4247476 0.4274340 0.4067085 0.5441343 0.7455464 0.4130074 0.7382268 0.6373203 0.6296230 0.3815173 0.5463580 0.5524609 0.5465880 0.1191500 0.4194138 0.0791356 0.4367477 0.4343087 0.0000000 0.6287978 0.0074248 0.0273725 0.4209690 0.4324684 0.4326742 0.4303938 0.4318346 0.4322158 0.4316734 0.4316289 0.4330374 0.7367283 0.7365362 0.4318757 
jgi|Geopyr1|14821|FUN_014995-T1                                    0.6280891 0.4089422 0.7147185 0.6030351 0.6050014 0.6422932 0.7092463 0.7309685 0.6477002 0.7197052 0.4153034 0.4120510 0.6096674 0.7095782 0.7131694 0.7111452 0.6331808 0.6504820 0.6176495 0.6117212 0.6117421 0.6287978 0.0000000 0.6223472 0.6219460 0.5973618 0.6108001 0.6086350 0.6084347 0.6089504 0.6104084 0.6093279 0.6087808 0.6101196 0.7173180 0.7162915 0.6085915 
jgi|Gigmar1|6518|rna-F8M41_005910                                  0.3832834 0.6260759 0.7286268 0.4182176 0.4223797 0.4015679 0.5383610 0.7377066 0.4069255 0.7298834 0.6335883 0.6239603 0.3753303 0.5421962 0.5473734 0.5424349 0.1167748 0.4145910 0.0760131 0.4314887 0.4310105 0.0074248 0.6223472 0.0000000 0.0244860 0.4155072 0.4275621 0.4272726 0.4250258 0.4262848 0.4266658 0.4261441 0.4265364 0.4274386 0.7282299 0.7273655 0.4277209 
jgi|Gigro1|2026791|fgenesh1_pg.11___44                             0.3810434 0.6248168 0.7290290 0.4176320 0.4216269 0.3979275 0.5357419 0.7381641 0.4047763 0.7293423 0.6320099 0.6223451 0.3717204 0.5404110 0.5457763 0.5389681 0.1182627 0.4108333 0.0775629 0.4287524 0.4289203 0.0273725 0.6219460 0.0244860 0.0000000 0.4132154 0.4261175 0.4260649 0.4235268 0.4253938 0.4255439 0.4260930 0.4244968 0.4264257 0.7280335 0.7257820 0.4265776 
jgi|Rhice1_1|715502|estExt_Genewise1.C_4730026                     0.4270734 0.6022182 0.6976312 0.1087279 0.1784313 0.4360812 0.5055188 0.7097280 0.4414493 0.7007041 0.6109057 0.6007643 0.4193966 0.5091058 0.5136410 0.5107821 0.4269850 0.4479119 0.4184488 0.1891925 0.1906143 0.4209690 0.5973618 0.4155072 0.4132154 0.0000000 0.1146285 0.1134889 0.1115360 0.1120181 0.1122640 0.1117861 0.1120349 0.1124346 0.6953217 0.6966311 0.1155990 
jgi|Rhicl1|5173|transcript_GBB85029                                0.4389109 0.6114575 0.7019534 0.0641583 0.1964685 0.4476063 0.5168382 0.7164177 0.4543070 0.7055261 0.6211061 0.6111254 0.4300547 0.5192921 0.5246143 0.5224434 0.4382636 0.4608932 0.4308613 0.2080799 0.2083301 0.4324684 0.6108001 0.4275621 0.4261175 0.1146285 0.0000000 0.0694897 0.0672911 0.0677444 0.0679640 0.0681534 0.0679779 0.0681805 0.7018004 0.7013458 0.0705127 
jgi|Rhidi1|703555|fgenesh1_kg.224___29___TRINITY_GG_7328_c14_g1_i1 0.4371570 0.6116784 0.7029219 0.0609492 0.1947212 0.4469547 0.5178554 0.7161123 0.4521235 0.7068395 0.6205486 0.6106203 0.4287393 0.5203522 0.5251857 0.5228778 0.4381919 0.4592120 0.4315697 0.2051332 0.2055194 0.4326742 0.6086350 0.4272726 0.4260649 0.1134889 0.0694897 0.0000000 0.0112094 0.0113772 0.0118410 0.0117776 0.0117466 0.0119293 0.7032325 0.7023996 0.0142035 
jgi|Rhiir2_1|1766952|gm1.5838_g                                    0.4344705 0.6115595 0.7025271 0.0591905 0.1931224 0.4456570 0.5170919 0.7164862 0.4502612 0.7068159 0.6204961 0.6096412 0.4258219 0.5189156 0.5247234 0.5218510 0.4361088 0.4579837 0.4290112 0.2046085 0.2044614 0.4303938 0.6084347 0.4250258 0.4235268 0.1115360 0.0672911 0.0112094 0.0000000 0.0009680 0.0036586 0.0014075 0.0013091 0.0020593 0.7026974 0.7025013 0.0036239 
jgi|RhiirA1_1|535199|estExt_Genemark1.C_4230016                    0.4362103 0.6134003 0.7038191 0.0593687 0.1937247 0.4474433 0.5173650 0.7173901 0.4524386 0.7078970 0.6221982 0.6113735 0.4274186 0.5195061 0.5251902 0.5227413 0.4373946 0.4602022 0.4304994 0.2059562 0.2058658 0.4318346 0.6089504 0.4262848 0.4253938 0.1120181 0.0677444 0.0113772 0.0009680 0.0000000 0.0036769 0.0010291 0.0008302 0.0017777 0.7039533 0.7040056 0.0036503 
jgi|RhiirA4|494936|MIX1578_535_99                                  0.4363265 0.6138591 0.7042659 0.0595660 0.1939520 0.4478907 0.5171799 0.7187256 0.4529444 0.7080931 0.6222625 0.6113233 0.4274653 0.5195881 0.5252098 0.5221144 0.4379749 0.4602617 0.4308047 0.2057615 0.2054960 0.4322158 0.6104084 0.4266658 0.4255439 0.1122640 0.0679640 0.0118410 0.0036586 0.0036769 0.0000000 0.0039288 0.0038675 0.0041733 0.7042328 0.7038694 0.0065330 
jgi|RhiirA5|393535|estExt_fgenesh1_pg.C_80016                      0.4361992 0.6135093 0.7037048 0.0597600 0.1934895 0.4468642 0.5165822 0.7175054 0.4519330 0.7076328 0.6221990 0.6109052 0.4274134 0.5182944 0.5241008 0.5213354 0.4371963 0.4600463 0.4300218 0.2055091 0.2054759 0.4316734 0.6093279 0.4261441 0.4260930 0.1117861 0.0681534 0.0117776 0.0014075 0.0010291 0.0039288 0.0000000 0.0012237 0.0020195 0.7037514 0.7039292 0.0039615 
jgi|RhiirB3|480667|MIX4282_50_30                                   0.4357486 0.6130678 0.7029959 0.0596704 0.1936480 0.4471743 0.5166635 0.7161059 0.4522750 0.7062447 0.6216710 0.6110799 0.4267011 0.5189824 0.5244723 0.5218166 0.4376024 0.4597646 0.4306637 0.2058223 0.2057188 0.4316289 0.6087808 0.4265364 0.4244968 0.1120349 0.0679779 0.0117466 0.0013091 0.0008302 0.0038675 0.0012237 0.0000000 0.0020907 0.7028576 0.7026653 0.0040409 
jgi|RhiirC2|768392|gm1.969_g                                       0.4371849 0.6141389 0.7050054 0.0595713 0.1939975 0.4481318 0.5188989 0.7186029 0.4533003 0.7090828 0.6230317 0.6123102 0.4287075 0.5210826 0.5268672 0.5238316 0.4384904 0.4611542 0.4314083 0.2065615 0.2064681 0.4330374 0.6101196 0.4274386 0.4264257 0.1124346 0.0681805 0.0119293 0.0020593 0.0017777 0.0041733 0.0020195 0.0020907 0.0000000 0.7052975 0.7053622 0.0046826 
pbrasi|2183_t                                                      0.7309365 0.7196610 0.0657210 0.6932839 0.7006905 0.7426900 0.7947521 0.1935000 0.7499920 0.0752755 0.7278610 0.7174248 0.7117498 0.7990496 0.8043943 0.7978862 0.7429956 0.7587376 0.7204765 0.7078963 0.7067839 0.7367283 0.7173180 0.7282299 0.7280335 0.6953217 0.7018004 0.7032325 0.7026974 0.7039533 0.7042328 0.7037514 0.7028576 0.7052975 0.0000000 0.0757705 0.7036002 
poculu|7233_t                                                      0.7303889 0.7182511 0.0708620 0.6939202 0.7050273 0.7424379 0.7954257 0.2045668 0.7497651 0.0112026 0.7308709 0.7208037 0.7111013 0.7979851 0.8023186 0.7952652 0.7426669 0.7593479 0.7217108 0.7140513 0.7115007 0.7365362 0.7162915 0.7273655 0.7257820 0.6966311 0.7013458 0.7023996 0.7025013 0.7040056 0.7038694 0.7039292 0.7026653 0.7053622 0.0757705 0.0000000 0.7051761 
rirreg|17867_t                                                     0.4379337 0.6132586 0.7038589 0.0621520 0.1955901 0.4468304 0.5182097 0.7176484 0.4531915 0.7083515 0.6216424 0.6118412 0.4289264 0.5205870 0.5258857 0.5227956 0.4382651 0.4588105 0.4307324 0.2084111 0.2076369 0.4318757 0.6085915 0.4277209 0.4265776 0.1155990 0.0705127 0.0142035 0.0036239 0.0036503 0.0065330 0.0039615 0.0040409 0.0046826 0.7036002 0.7051761 0.0000000 
